name: hahathon-api
channels:
  - anaconda
  - conda-forge
  - defaults
dependencies:
  - ca-certificates=2020.10.14=0
  - click=7.1.2=py_0
  - flask=1.1.2=py_0
  - itsdangerous=1.1.0=py37_0
  - jinja2=2.11.2=py_0
  - markupsafe=1.1.1=py37hfa6e2cd_1
  - openssl=1.1.1k=h8ffe710_1
  - pip=21.2.4=pyhd8ed1ab_0
  - python=3.7.10=h7840368_100_cpython
  - python_abi=3.7=2_cp37m
  - setuptools=57.4.0=py37h03978a9_0
  - sqlite=3.36.0=h8ffe710_0
  - ucrt=10.0.20348.0=h57928b3_0
  - vc=14.2=hb210afc_5
  - vs2015_runtime=14.29.30037=h902a5da_5
  - werkzeug=1.0.1=py_0
  - wheel=0.37.0=pyhd8ed1ab_1
prefix: D:\Programms\Anaconda\envs\hackathon-api
